0.003679851940352218
0.0033333976084083056
0.0029948523426842084
0.0027201499929293107
0.002547807727472968
0.002440043795463057
0.002359553418261846
0.0022949093171754677
0.0022423862605873883
0.0021991518144243447
0.0021614977448298463
0.002125570646121831
0.0020889997015611597
0.0020511598111448938
0.0020127509058499764
0.001974694958983195
0.0019373220630309305
0.0019008779138245204
0.0018660801213304463
0.0018339877117406467
0.0018055479127540217
0.0017814035185741064
0.0017618694569597807
0.0017470489748530498
0.0017368595876622076
0.0017304671911827709
0.0017268311970278926
0.0017252714191972203
0.0017253356648303064
0.0017268527463362227
0.0017301322180130099
0.0017358331972289443
0.0017446221690806032
0.001756966650775045
0.0017727782396032587
0.0017916023848635232
0.0018146975056093488
0.001841240133076072
0.0018710559872104635
