0.0012341747296506524
0.001114290669536942
0.0010156369209556166
0.0009407971512345196
0.0008822329199951034
0.0008390853408212595
0.0008052838199870257
0.0007769617703214939
0.0007527769869849718
0.0007317678287761176
0.0007134593572488563
0.000697344868248733
0.0006826902090816515
0.000669062026758858
0.0006564259214036728
0.0006448993658722454
0.000634540022801368
0.0006252851595781439
0.0006169949199677625
0.0006095286511135735
0.0006028069521281295
0.0005968192002148722
0.0005915827739294195
0.0005871251988521929
0.000583480975038201
0.0005806727979619679
0.0005787172789051381
0.0005776211613786503
0.0005773630533995952
0.0005778697142512933
0.0005790114499653612
0.0005806864337548334
0.0005829569567890156
0.0005861389706506769
0.0005897024456726111
0.0005936825340921868
0.00059811620412739
0.0006032580908022258
0.0006092380992098662
0.0006160714554564574
0.0006264385274593444
0.0006368367320412671
0.0006470057336955379
0.0006600090680001177
0.000673980598293176
0.0006852983413090579
0.0006742506975295764
0.0006533035605398477
0.0006632554029702612
0.0006815866166069984
0.0007011030226138444
0.0007265415257143584
0.0007253835590631247
0.0007497670171573318
0.0007718025399518916
0.0007891430308449199
0.0007669729215049447
0.0007919865747865762
0.0008329301574815704
0.0008451926463104414
0.000837637056860674
0.0009000708199721012
0.0009316496153803122
0.0009333684145009309
0.0009611181469806757
0.0009289554526748859
0.0009655840129097989
0.0009624767473416572
0.0009303695582203355
0.0009706440423651285
0.0010221778821586957
0.0008756546757945233
0.0009588677323436956
0.0009788447185347087
0.0010380992556774384
0.001088728744863994
0.0011225560136598077
0.0011750489345697006
0.0012006329466666744
0.001233192732211182
0.0012642291646217964
0.0010649383608290614
0.0011496340541200844
0.0011554233206516067
0.0012201014439129497
0.001266191680047025
0.0013095380342396914
0.0013333771051067718
0.00137027121186553
0.001406471619893465
0.0014541853137494277
0.0012777546736973116
0.000786571781831993
0.0008746519903758276
0.0009505609089384567
0.001060504985458926
0.0011498681715674797
0.0012234663781693989
0.0012922494447992043
0.0013220492126007418
0.001383162937183251
0.0014220560072635035
0.001463763671730629
0.0014986120025421757
0.0015320602670410844
0.00156366324274059
0.0015932846871252423
0.0016179806870023014
0.0016430945557355092
0.0016650710610294013
0.0016858562378297946
0.0017054141386410977
0.0017252262472230596
0.001742987488838011
0.0017604896304695935
0.0017758998141751178
0.001790987063322556
0.0018047440669935963
0.0018181485245471142
0.0018307076448725885
0.001842849189600282
0.0018544574788982812
0.0018657581656138992
0.001876651423188635
0.001887092066382868
0.0018970608050791278
0.001906646620891401
0.001915961395501067
0.0019250493691569954
0.0019339179914921534
0.0019425588901388659
0.0019509749192505512
0.0019591678247758604
0.001967148505552326
0.0019749233317791414
0.0019825051749150996
0.0019899036363362817
0.0019971253947429
0.0020041759977258732
0.0020110565017101745
0.0020177658961780735
0.002024304607252358
0.002030673337807149
0.002036879880008908
0.0020429340628479002
0.0020488495790591337
0.0020546355229193484
0.002060299631856261
0.0020658489541899284
0.002071286487096515
0.002076616378166591
0.0020818436691159114
0.002086972058802255
0.0020920025528426167
0.002096939692869323
0.0021017873650330788
0.0021065462200130685
0.002111220637841088
0.0021158123124349784
0.002120324801710202
0.002124758961934693
0.0021291170090954287
0.002133401226362493
0.002137614045346928
0.00214175646256978
0.002145831706974247
0.0021498400958575637
0.002153783632904806
0.0021576644322364733
0.002161484478985691
0.0021652454906876902
0.002168946542935745
0.002172592243543064
0.002176181491559793
0.002179718497920065
0.0021832014791907774
0.0021866335457013477
0.0021900152953368674
0.0021933494666718134
0.002196634579521116
0.002199875145864879
0.0022030698541536673
0.0022062219500207352
0.0022093311512967023
0.002212397623187888
0.002215422886471759
0.0022184081415219403
0.002221353569354883
0.0022242616694389213
0.002227133137678827
0.002229968306014912
0.0022327687019967333
0.0022355341548782118
0.0022382668362715893
0.0022409663376364523
0.002243633882028623
0.002246271264296926
0.002248877524581238
0.00225145432098578
0.0022540018700328754
0.002256522106947296
0.00225901518293964
0.0022614802659640713
0.002263918579330851
0.0022663305286533277
0.0022687183380620804
0.0022710815071284884
0.002273420063413152
0.0022757342157908736
0.0022780251077085182
0.0022802940427097897
0.002282539930752787
0.002284764364219114
0.002286966975884998
0.0022891496020780388
0.0022913110792969487
0.0022934529003368724
0.002295575141514416
0.0022976776560485945
0.0022997613160493846
0.0023018270958908267
0.0023038735947142385
0.0023059028898829367
0.0023079151588893147
0.0023099100091799637
0.002311888097052609
0.002313850944392892
0.0023157973621632643
0.0023177268137349054
0.0023196416827317916
0.002321541348731457
0.0023234259527761055
0.0023252953402886343
0.0023271497482506413
0.002328989097872813
0.002330814720040715
0.0023326261221875842
0.0023344247492729448
0.002336209786521253
0.002337981465293292
0.0023397403975070133
0.0023414866973594036
0.0023432212143340444
0.0023449431547567174
0.00234665218514121
0.002348348820912467
0.002350033744874516
0.0023517065863857146
0.0023533687328680377
0.002355020162354089
0.002356659516101155
0.0023582872578674636
0.002359904996059821
0.002361511583959495
0.002363108867629153
0.0023646954617880236
0.0023662715248723423
0.0023678373966753356
0.0023693934235645337
0.002370940034767255
0.0023724761128908235
0.0023740027715974236
0.0023755195457552643
0.0023770272278052806
0.00237852580904318
0.00238001564541574
0.0023814961650792253
0.0023829678281702643
0.002384430752834173
0.0023858855826971287
0.0023873301383778066
0.002388767524003768
0.002390195544473496
0.002391615420349169
0.0023930273194394977
0.0023944313614681144
0.002395827746990786
0.0023972154423456426
0.0023985954703330033
0.002399967618547297
0.0024013325083628665
0.0024026894351533625
0.0024040387399139433
0.0024053807702045
0.002406715858443228
0.0024080434983306926
0.002409364003325017
0.0024106776252658217
0.0024119837063493
0.002413283212823131
0.0024145765751587022
0.002415862311716128
0.0024171410752521463
0.0024184137349953336
0.0024196812740671122
0.0024209409952653292
0.0024221937079343305
0.0024234403601942497
0.0024246811917322327
0.00242591553789767
0.0024271440976585297
0.002428365927451784
0.0024295811550707857
0.0024307914845192674
0.0024319947899512574
0.002433191968923053
0.002434383764062259
0.002435569656235151
0.0024367498111873714
0.0024379234031447683
0.0024390923151385957
0.00244025523737271
0.0024414120773834217
0.002442562983379248
0.0024437096219460963
0.0024448503169596037
0.0024459865068363887
0.002447117305339445
0.0024482426682091024
0.002449363116488615
0.002450477331263726
0.0024515870178758946
0.002452691685445953
0.0024537908678669827
0.0024548850462607088
0.0024559741135362035
0.002457059113933145
0.002458139314733911
0.0024592145468654257
0.002460285828294096
