0.00011585395027334529
0.0001060213110640415
9.877966487709454e-05
9.337956718655842e-05
8.92213560528158e-05
8.591529357407634e-05
8.321857581088876e-05
8.09756703393474e-05
7.908190111846507e-05
7.746336694043416e-05
7.606586862966358e-05
7.484848544623688e-05
7.377955262455105e-05
7.28342647343215e-05
7.199283705768584e-05
7.123936288436955e-05
7.056092046032942e-05
6.994691781302327e-05
6.938860853270728e-05
6.887873869958535e-05
6.841120518157576e-05
6.798091819774303e-05
6.758351003723878e-05
6.721529850531114e-05
6.687311294378924e-05
6.655422914130002e-05
6.625628872848881e-05
6.597722340308989e-05
6.571527473207539e-05
6.546885250523748e-05
6.523658747544786e-05
6.501725002107884e-05
6.480976599071997e-05
6.461316398973784e-05
6.442659947273273e-05
6.42492896687427e-05
6.408055136655812e-05
6.39197578317959e-05
6.376634862751593e-05
6.36198149562609e-05
6.347969742142906e-05
6.334556781535528e-05
6.321704614526239e-05
6.30937922029128e-05
6.297546783411589e-05
6.286178485268705e-05
6.275247964528036e-05
6.264729893346678e-05
6.254600777378972e-05
6.244839032290545e-05
6.235425978125293e-05
6.226342676317547e-05
6.21757105425125e-05
6.209097112026445e-05
6.200904467395735e-05
6.192981369932471e-05
6.185313959315658e-05
6.177888835846699e-05
6.170696998240487e-05
6.163726106162907e-05
6.156966850024604e-05
6.150409715502003e-05
6.144046243218709e-05
6.137867956523505e-05
6.13186731010668e-05
6.126036762168706e-05
6.12036846599766e-05
6.11485840369936e-05
6.109496818432284e-05
6.104281277128863e-05
6.0992042450099284e-05
6.0942599275962994e-05
6.089444018173016e-05
6.084753169329743e-05
6.080180816714082e-05
6.075722163487378e-05
6.071375683155109e-05
6.0671351218383385e-05
6.0629974025289235e-05
6.058960103794165e-05
6.0550175859577715e-05
6.051168684507618e-05
6.0474086404282286e-05
6.043736168047103e-05
6.0401472250565584e-05
6.036638628472564e-05
6.033208616224125e-05
6.0298549203799054e-05
6.0265749030198014e-05
6.023364481922622e-05
6.020225142998896e-05
6.017152385093347e-05
6.0141437446905535e-05
6.011199010706425e-05
6.0083151952282903e-05
6.0054897070332756e-05
6.0027230548608605e-05
6.0000111695051294e-05
5.9973536880765576e-05
5.994749570930778e-05
5.992196443766163e-05
5.989693386639431e-05
5.987237357604801e-05
5.984829352843512e-05
5.982466839898627e-05
5.980149407250824e-05
5.977874502407532e-05
5.9756420986677175e-05
5.973450383713537e-05
5.97129881023297e-05
5.969186001328273e-05
5.967111630197729e-05
5.9650743198647155e-05
5.9630722592340364e-05
5.96110494804586e-05
5.9591732816327645e-05
5.957273159512735e-05
5.9554069479415927e-05
5.9535715329162635e-05
5.951768065026471e-05
5.949993829838076e-05
5.948248975646328e-05
5.94653412647449e-05
5.944847173887499e-05
5.943187244126579e-05
5.9415542794118e-05
5.939946724693914e-05
5.938365105277298e-05
5.936809352259876e-05
5.935277409504326e-05
5.9337693176340794e-05
5.932283776659836e-05
5.9308220838889624e-05
5.929381421711684e-05
5.9279639418684334e-05
5.926566704050893e-05
5.925190202405658e-05
5.923834794813344e-05
5.922498973552975e-05
5.9211831851667965e-05
5.919886726593331e-05
5.918608193642199e-05
5.9173480687068096e-05
5.9161063026840804e-05
5.9148822386970416e-05
5.913674972499623e-05
5.9124853837666327e-05
5.91131162898301e-05
5.9101536821970864e-05
5.909012033966396e-05
5.907885501478551e-05
5.9067746383560076e-05
5.9056791871724095e-05
5.904597723622861e-05
5.9035309430779935e-05
5.902478183928009e-05
5.901439205508646e-05
5.900413837398687e-05
5.8994020296273645e-05
5.8984019989048424e-05
5.897415302449579e-05
5.896442068363431e-05
5.8954813140720364e-05
5.894532451679382e-05
5.893594116080352e-05
5.892670104579942e-05
5.891755592100297e-05
5.890853146357915e-05
5.8899601981770096e-05
5.889079259150637e-05
5.888209092709379e-05
5.887349479407817e-05
5.886499594905778e-05
5.8856607735844424e-05
5.884831553710139e-05
5.8840110737111225e-05
5.883201008653248e-05
5.882400105165562e-05
5.88160883660966e-05
5.8808261003551335e-05
5.8800521009389975e-05
5.8792875841759316e-05
5.8785315383846894e-05
5.877784981280872e-05
5.877045613814804e-05
5.8763150867177197e-05
5.8755924851735684e-05
5.874877731879506e-05
5.874170868878814e-05
5.8734720876537924e-05
5.872780440653001e-05
5.872096355369054e-05
5.8714196068743395e-05
5.8707501827846285e-05
5.870088836211042e-05
5.869433331287147e-05
5.8687846788856654e-05
5.868143132765014e-05
5.867508821500331e-05
5.866880927752085e-05
5.866259137240831e-05
5.8656429399650035e-05
5.865033968710533e-05
5.86443147091846e-05
5.863835082555496e-05
5.86324439259532e-05
5.8626608136488017e-05
5.862082142427134e-05
5.861509117941559e-05
5.8609421202578174e-05
5.8603804656007055e-05
5.859824290788368e-05
5.859273854844491e-05
5.85872907993379e-05
5.8581886045204865e-05
5.8576542103759705e-05
5.857124119751757e-05
5.8565995562414286e-05
5.85607983750935e-05
5.855565744984725e-05
5.855055622454129e-05
5.854551191286242e-05
5.854051357961345e-05
5.853555739613443e-05
5.8530647026816785e-05
5.8525784683271206e-05
5.8520969034784465e-05
5.851619539802687e-05
5.851146955907683e-05
5.8506779525147515e-05
5.8502132513997554e-05
5.8497533362970705e-05
5.849296327623549e-05
5.848844402243046e-05
5.8483961378818367e-05
5.847952209815758e-05
5.8475112140121914e-05
5.8470744341716235e-05
5.846641504959239e-05
5.8462127475762405e-05
5.8457875627481086e-05
5.845365274469363e-05
5.8449478042678334e-05
5.84453400946156e-05
5.844123336191445e-05
5.843716155353377e-05
5.843312671011086e-05
5.842912449361524e-05
5.84251572742073e-05
5.842122592765727e-05
5.841732651092852e-05
5.841345818118341e-05
5.840962562273762e-05
5.84058206884236e-05
5.840204312345748e-05
5.839830646964099e-05
5.839460210080502e-05
5.839092502657772e-05
5.838727432366339e-05
5.838365011767915e-05
5.838006446510782e-05
5.8376500288725755e-05
5.8372969109614697e-05
5.8369463744920614e-05
5.836598851827832e-05
5.8362537274251694e-05
5.835911588194081e-05
5.8355725852300756e-05
5.835234733052995e-05
5.8349010972727575e-05
5.8345699539767866e-05
5.8342404719623115e-05
5.8339142909961844e-05
5.833590273444795e-05
5.833269512512339e-05
5.832950352951675e-05
5.832634165231789e-05
5.832319920021934e-05
5.8320086103678485e-05
5.831699147837605e-05
5.831392588758789e-05
5.831087895084359e-05
5.8307857081715586e-05
5.830485405988856e-05
5.8301881183606974e-05
5.829891951919575e-05
5.8295989313886695e-05
5.8293077266069064e-05
5.829019162506061e-05
5.82873130986746e-05
5.828446653938087e-05
5.8281638324722445e-05
5.827882774793046e-05
5.8276040116673386e-05
5.8273275424640786e-05
5.827052439568861e-05
5.826779517106839e-05
5.8265093581031594e-05
5.826240365839977e-05
5.825973367102757e-05
5.825709052292663e-05
5.8254462894160375e-05
5.8251850597190524e-05
5.824926648815047e-05
5.8246681438066616e-05
5.8244129166360516e-05
5.824158989849145e-05
5.823906701113442e-05
5.823656365950751e-05
5.8234079026803654e-05
5.823160516562003e-05
5.8229154097534837e-05
5.8226717679916134e-05
5.8224288366665416e-05
5.822188808082971e-05
5.8219494668636666e-05
5.8217128135352306e-05
5.821476965655098e-05
5.821243140368374e-05
5.821010807263176e-05
5.820780134552069e-05
5.8205511532745106e-05
5.8203236537465374e-05
5.8200977481755936e-05
5.819873065941872e-05
5.8196497590282844e-05
5.8194290861302165e-05
5.8192092661862044e-05
5.818990254313271e-05
5.8187732456488755e-05
5.818556772010871e-05
5.8183431932460436e-05
5.818129733117417e-05
5.817918935992876e-05
5.817708131532453e-05
5.817499798593817e-05
5.8172921141905426e-05
5.817085768664634e-05
5.8168807571057826e-05
5.8166767781709383e-05
5.8164753215568923e-05
5.8162742591281885e-05
5.8160742773616883e-05
5.815876305074722e-05
5.8156797920958524e-05
5.815483216505624e-05
5.815288341834318e-05
5.815095121700229e-05
5.8149030983009305e-05
5.8147122715378194e-05
5.814522562293804e-05
5.814334264299968e-05
5.814147061009057e-05
5.81396147881005e-05
5.813776114991577e-05
5.813592323378848e-05
5.8134093431896174e-05
5.8132276947390705e-05
5.8130468416401296e-05
5.8128676943309794e-05
5.812689544741236e-05
5.812512228937599e-05
5.8123366568455304e-05
5.812161365903116e-05
5.8119872988303666e-05
5.811814190845322e-05
5.811642369814585e-05
5.811471731517357e-05
5.811302228467605e-05
5.811132660952803e-05
5.810965026719018e-05
5.810798655893726e-05
5.8106324099953495e-05
5.8104677790362035e-05
5.810304028816753e-05
5.810141254171023e-05
5.809978618907052e-05
5.809816801140374e-05
5.809656323986431e-05
5.8094969733636744e-05
5.809338281057456e-05
5.8091809260509946e-05
5.809024634372756e-05
5.808868586829519e-05
5.8087141736301035e-05
5.808560635964274e-05
5.808407999093494e-05
5.808255930240855e-05
5.80810440225176e-05
5.807953729208453e-05
5.807804680944712e-05
5.807655430155409e-05
5.807507521024007e-05
5.807360532506369e-05
5.807214773932191e-05
5.807069853640305e-05
5.806925120551453e-05
5.806780926058333e-05
5.806638405487301e-05
5.8064961491263464e-05
5.8063551729556996e-05
5.806214662554406e-05
5.806074773750801e-05
5.8059371264733015e-05
5.805798404962357e-05
5.8056602294224654e-05
5.805523622952821e-05
5.805388083617382e-05
5.8052524891247856e-05
5.805118626531411e-05
5.8049848125481154e-05
5.804852466727247e-05
5.80472076403843e-05
5.804589028140943e-05
5.8044582635773505e-05
5.804328633886553e-05
5.804199568250153e-05
5.804070521761983e-05
5.8039424536083484e-05
5.803815038229901e-05
5.803688889375723e-05
5.8035634850544194e-05
5.803438562672961e-05
5.8033144635076293e-05
5.80319002513663e-05
5.803067178632328e-05
5.8029446877013864e-05
5.802823556748332e-05
5.802701538626825e-05
5.802581436886197e-05
5.802461738224684e-05
5.802341934060565e-05
5.8022228790635466e-05
5.802104253610033e-05
5.801986259614265e-05
5.801869054068062e-05
5.801752498181268e-05
5.801637279850592e-05
5.8015219353309116e-05
5.8014072453217874e-05
5.801293048177453e-05
5.801179237271256e-05
5.801066934046592e-05
5.8009545261870086e-05
5.8008432338153475e-05
5.800732307547587e-05
5.8006214611462865e-05
5.800511645002579e-05
5.800402143572158e-05
5.8002934018393774e-05
5.800185437374859e-05
5.800077081111131e-05
5.799969645125926e-05
5.799862551521326e-05
5.799756585473358e-05
5.799650601480087e-05
5.7995452294019284e-05
5.799440019718902e-05
5.799335483812984e-05
5.7992319450348684e-05
5.7991286924941964e-05
5.799026105862306e-05
5.798923941378879e-05
5.798821893638523e-05
5.798721229126066e-05
5.798620719160136e-05
5.798520736490313e-05
5.798421039387449e-05
5.7983216389342477e-05
5.798222405313205e-05
5.798124178857502e-05
5.798026448619008e-05
5.7979289005549196e-05
5.79783237663519e-05
5.797735338217707e-05
5.797639149737102e-05
5.797543727580097e-05
5.797448393335356e-05
5.797353429631542e-05
5.797259420538967e-05
5.797165922098724e-05
5.797072866670823e-05
5.7969795456129974e-05
5.7968871822427495e-05
5.7967953627926635e-05
5.796703851863749e-05
5.796612796114486e-05
5.79652160388232e-05
5.796431874606472e-05
5.796341842094443e-05
5.796252374327016e-05
5.796163339297753e-05
5.796074956984516e-05
5.795986899382663e-05
5.7958991094221865e-05
5.795812147883945e-05
5.795725632099142e-05
5.795639640967951e-05
5.7955534659269837e-05
5.795466860159304e-05
5.7953814748694305e-05
5.795296772270156e-05
5.7952122985425145e-05
5.795127864550901e-05
5.795044021847162e-05
5.794961157339917e-05
5.794877864314613e-05
5.794795517696981e-05
5.79471340462465e-05
5.794631012118315e-05
5.794549320740885e-05
5.794467928813373e-05
5.794387038328899e-05
5.7943059935148205e-05
5.7942257137819726e-05
5.794145917211618e-05
5.794066044561067e-05
5.7939864690334616e-05
5.793907824669881e-05
5.793829052263605e-05
5.793750313066e-05
5.7936720793146167e-05
5.7935945253155344e-05
5.7935177729784943e-05
5.7934412122420735e-05
5.793364859552847e-05
5.793288890538143e-05
5.7932130788110614e-05
5.793137612146521e-05
5.7930626330814994e-05
5.7929875600895785e-05
5.792913046143147e-05
5.792838352132361e-05
5.792764430597849e-05
5.79269063312257e-05
5.7926168488992067e-05
5.7925435976907826e-05
5.7924708977975635e-05
5.792399064287797e-05
5.7923271860725346e-05
5.7922550438641165e-05
5.792183726745235e-05
5.7921129146978915e-05
5.7920417581796115e-05
5.791971314839225e-05
5.791900902025573e-05
5.791831351158349e-05
5.791760962067994e-05
5.791690687827578e-05
5.791621519589711e-05
5.7915527922541346e-05
5.791483862905718e-05
5.7914147355870854e-05
5.791346473981422e-05
5.791278189165185e-05
5.791210482345467e-05
5.791143586712604e-05
5.791076109947726e-05
5.791009248332058e-05
5.790942435444791e-05
5.7908755839652614e-05
5.790810038568549e-05
5.7907446290236964e-05
5.790679369233384e-05
5.790614075879438e-05
5.790549585607382e-05
5.790485184647719e-05
5.790421149496156e-05
5.790357137929848e-05
5.7902930648762266e-05
5.790229181628695e-05
5.790166006372668e-05
5.790103232144862e-05
5.7900401868641e-05
5.78997714523156e-05
5.7899147069950425e-05
5.7898527020094124e-05
5.7897911333115666e-05
5.789729483011892e-05
5.789668398363945e-05
5.789607131009149e-05
5.78954717157114e-05
5.789486470952677e-05
5.789425523024274e-05
5.7893656261779047e-05
5.789305334988432e-05
5.789245823532235e-05
5.789186647120761e-05
5.789127593545871e-05
5.789068651389622e-05
5.789009820829493e-05
5.788950857789644e-05
5.7888925097609647e-05
5.78883412771509e-05
5.78877648503542e-05
5.788718973948065e-05
5.788661190170984e-05
5.788604135347888e-05
5.7885467022141404e-05
5.788490268081607e-05
5.7884335200245914e-05
5.788377505457187e-05
5.7883214964508536e-05
5.788265423945756e-05
5.788209553394337e-05
5.7881538707558776e-05
5.7880991087903425e-05
5.7880436254433465e-05
5.78798841713277e-05
5.787933581571772e-05
5.7878794568419744e-05
5.787824855595362e-05
5.787770789355421e-05
5.787716529740049e-05
5.787663269066731e-05
5.787609323573043e-05
5.787556144047991e-05
5.7875028687423494e-05
5.787449892886627e-05
5.7873972070940485e-05
5.787344745519158e-05
5.787292271224794e-05
5.787240492912385e-05
5.7871887792030675e-05
5.78713701846128e-05
5.787085545514823e-05
5.787033874716472e-05
5.7869827639496146e-05
5.786931724431526e-05
5.786881215660565e-05
5.7868308647096686e-05
5.786780473726944e-05
5.786729985050777e-05
5.786680415844609e-05
5.786630405144546e-05
5.7865807375350125e-05
5.7865311869446306e-05
5.786482089128048e-05
5.7864331391925945e-05
5.786383553559571e-05
5.786334797808072e-05
5.7862860026557866e-05
5.78623768630785e-05
5.786189468915441e-05
5.786141236200504e-05
5.7860931679513105e-05
5.7860457171388614e-05
5.785997996200302e-05
5.785950724328161e-05
5.785902895067019e-05
5.785856631582866e-05
5.785809708027083e-05
5.785762678160171e-05
5.785715945337323e-05
5.78566906859709e-05
5.785622482629925e-05
5.7855762712265904e-05
5.785530434801208e-05
5.7854843953967006e-05
5.785438567450967e-05
5.785392428952891e-05
5.785346514002018e-05
5.785301511836024e-05
5.785256241141249e-05
5.7852105997872264e-05
5.7851659633307326e-05
5.785121268916825e-05
5.7850761513881694e-05
5.785031094696063e-05
5.784986309530195e-05
5.7849423661370784e-05
5.78489830209631e-05
5.784854347778251e-05
5.784810678218627e-05
5.78476710236898e-05
5.7847235937649196e-05
5.784680145149443e-05
5.7846370681989404e-05
5.784594125029686e-05
5.7845510147127517e-05
5.7845081618024547e-05
5.784465459849624e-05
5.784422922993582e-05
5.7843805566179174e-05
5.784338528816877e-05
5.784296489085168e-05
5.7842549545827585e-05
5.7842131318906154e-05
5.784172407766538e-05
5.784130722937706e-05
5.7840898101907454e-05
5.7840487760073286e-05
5.784007773159171e-05
5.783966139720954e-05
5.783925385878666e-05
5.783884424679388e-05
5.7838437960598185e-05
5.783804018382853e-05
5.7837641204920786e-05
5.7837242649601064e-05
5.7836847830453995e-05
5.783644665038721e-05
5.783605117219396e-05
5.783565299569761e-05
5.7835256500932525e-05
5.783486417519656e-05
