0.03181771528276711
0.07676282051282052
0.1307708825424093
0.18482932996207332
0.23391304347826086
0.2825314820794317
0.32062391681109187
0.3546384222059898
0.3880030372057707
0.4235294117647059
0.4430533117932149
0.46597510373443984
0.48668076109936576
0.503228583727938
0.5234305923961097
0.5408805031446541
0.5552523874488404
0.5716920239741816
0.5879868606288128
0.5969028625058658
0.6056603773584905
0.6136041568256967
0.6219686162624821
0.6336538461538461
0.6378066378066378
0.6449589966232513
0.6538648517258143
0.6595226497808085
0.6653639472398633
0.6717295443410093
0.6785009861932939
0.6878411910669975
0.6935724962630793
0.6989463120923232
0.7038712921065863
0.7083753784056509
0.710261569416499
0.714429361488185
0.7182320441988951
0.7210235825388861
0.7258064516129032
0.729103726082578
0.7334344967121902
0.7372151898734177
0.7420494699646644
0.7444556451612904
0.7515212981744422
0.7526609224531171
0.7558494404883012
0.7580234335201222
0.7619289340101523
0.7636916835699797
0.7669706180344478
0.768958543983822
0.7698132256436143
0.7729566094853683
0.7750377453447408
0.7787298387096774
0.7801810865191147
0.7815802717664821
0.783661119515885
0.7831991951710262
0.7870416875941738
0.7884422110552763
0.7910372608257804
0.7921489682939105
0.7942655935613682
0.7951807228915663
0.7959899749373434
0.7965931863727455
0.7973986993496749
0.7997997997997998
0.8012980529206191
0.8025987006496752
0.8044887780548629
0.8056801195814649
0.8067729083665338
0.8071570576540755
0.8083623693379791
0.808955223880597
0.8096421471172962
0.8110392839383391
0.8109181141439206
0.8117880138682516
0.8138613861386138
0.8143564356435643
0.8157503714710252
0.816245666171372
0.8174171202375062
0.8189910979228486
0.8196640316205533
0.8204747774480712
0.8210941350418925
0.8216748768472907
0.8227474150664698
0.8231527093596059
0.8235872235872236
0.8234428641490927
0.8248282630029441
0.8263854830799412
0.8270455658990691
0.8272148800783162
0.8268948655256724
0.827552515876893
0.8273170731707317
0.8274012676743052
0.8274185707340788
0.8275862068965517
0.8277535177098496
0.8295399515738499
0.8305905130687319
0.8310745401742498
0.8311562651185292
0.8333333333333334
0.8338178294573644
0.8341392649903289
0.8359148112294289
0.8356694055099082
0.8359864930053064
0.8360655737704918
0.8368725868725869
0.8372766779333656
0.8378378378378378
0.8384763741562199
0.8391136801541426
0.8395953757225434
0.8401540683678382
0.8410404624277457
0.8413461538461539
0.8418269230769231
0.8421305182341651
0.8424329501915708
0.8429870751555768
0.8430622009569378
0.8436902485659655
0.844571975131516
0.8451242829827916
0.8452722063037249
0.845346062052506
0.8459704339532665
0.8457142857142858
0.8453853472882968
0.8456057007125891
0.845679012345679
0.8453510436432637
0.8453510436432637
0.8457522543901281
0.846958174904943
0.8474334600760456
0.8480531813865148
0.8485280151946819
0.8486717267552182
0.8487434803224277
0.8487434803224277
0.8488151658767773
0.8484848484848485
0.8489583333333334
0.8486281929990539
0.8487712665406427
0.8489140698772427
0.8497874350495985
0.8500707213578501
0.8510838831291234
0.8511540273198305
0.8511540273198305
0.8518344308560677
0.8523742360131641
0.8532455315145814
0.8537846732487071
0.8543917332080789
0.8556652562294311
0.8558008454673556
0.855868544600939
0.856338028169014
0.8568747067104646
0.8569418386491557
0.8578799249530957
0.8587517597372126
0.8609022556390977
0.8617771509167842
0.8619718309859155
0.8624413145539906
0.8628464067637388
0.8632518796992481
0.8633161108501644
0.8643829188174565
0.8644465290806754
0.8648521820741436
0.8649155722326454
0.8653214453308306
0.8665413533834586
0.8666666666666667
0.8671984983575786
0.8681988742964353
0.8690140845070422
0.8694222639736966
0.8694222639736966
0.8699530516431925
0.8713010803193988
0.8717105263157895
0.8722404884922499
0.8724800750117205
0.8732989206945097
0.873358348968105
0.8741784037558685
0.8742374472078837
0.8746478873239436
0.8755284170972287
0.8763516690173954
0.8764678252700798
0.8765258215962441
0.8774647887323944
0.8775797373358349
0.8776371308016878
0.8780487804878049
0.8780487804878049
0.8790436005625879
0.8791569086651054
0.8791569086651054
0.8796252927400469
0.8796252927400469
0.8797379503977538
0.8797379503977538
0.8793264733395697
0.879382889200561
0.8802058961160505
0.8806738418343473
0.8806738418343473
0.8807854137447405
0.8803738317757009
0.8808411214953271
0.880429705744979
0.8805970149253731
0.8805970149253731
0.880708294501398
0.8811742777260019
0.8808193668528864
0.8812849162011173
0.8812849162011173
0.8817504655493482
0.881860465116279
0.8827906976744186
0.8832014890646812
0.8837209302325582
0.8837749883774988
0.8838829540176498
0.8838829540176498
0.8843474222015791
0.8843474222015791
0.8844011142061281
0.8844011142061281
0.8848118903855086
0.8848118903855086
0.8851696885169689
0.8855813953488372
0.8864059590316573
0.8864059590316573
0.886924150767799
0.886924150767799
0.886924150767799
0.8869767441860466
0.8866171003717472
0.8866697631212263
0.8866697631212263
0.887546468401487
0.8880111524163569
0.8880111524163569
0.8880111524163569
0.8880111524163569
0.8888372093023256
0.8888372093023256
0.8888372093023256
0.8890951276102088
0.8890951276102088
0.8894030541416011
0.88945420906568
0.88945420906568
0.88945420906568
0.88945420906568
0.8895053166897827
0.88909426987061
0.8895563770794824
0.889607390300231
0.890018484288355
0.890018484288355
0.8900692840646651
0.8904805914972274
0.8905817174515236
0.8906322104291647
0.8910433979686058
0.8911439114391144
0.8911439114391144
0.891555145362252
0.8920166128287955
0.8924780802953391
0.8928901200369345
0.8929395477618828
0.8930382664822499
0.8931368033164441
0.8941068139963168
0.8941068139963168
0.8945672191528545
0.8954398894518655
0.8950759318913943
0.8951241950321988
0.8951724137931034
0.8952687184198438
0.8952687184198438
0.8954128440366973
0.8954128440366973
0.8954607977991746
0.8959193030719853
0.8959193030719853
0.8959670027497708
0.8959670027497708
0.8960146587265231
0.8964252978918423
0.8964252978918423
0.8964252978918423
0.8965201465201466
