0.0488804793440555
0.10434593181570635
0.16030534351145037
0.21200696055684456
0.25254263808480676
0.2898310698906923
0.3175420528664607
0.3419616129600282
0.3666367713004484
0.3933709706792934
0.40502122946280233
0.41973462904130066
0.43384847342630983
0.4441489361702128
0.45512204497405345
0.4660344493903619
0.4750972762645915
0.48532289628180036
0.4940851735015773
0.501577287066246
0.5074096028452876
0.5136417556346381
0.5186360031720857
0.5249950209121689
0.5282868525896415
0.5333067411248504
0.5382152861144458
0.5422507008410091
0.5461106655974338
0.5503813729425933
0.5538337693700947
0.559322033898305
0.5626515763945028
0.5646534252128091
0.5679513184584178
0.5703839122486289
0.5729356867518766
0.5764705882352941
0.5798864557988646
0.5824888528577219
0.584771573604061
0.5877816115283133
0.5896705978039853
0.5923515052888528
0.5973181633482324
0.5997969543147208
0.6032973743130471
0.6043956043956045
0.6056653759934787
0.6068515497553019
0.6112807982081041
0.6130673722776308
0.6160732451678534
0.6184183777190486
0.6196668021129622
0.6223847247613243
0.6249999999999999
0.6274111675126903
0.6293365794278758
0.630275974025974
0.6311941510966694
0.6317711503347536
0.6354420113544201
0.6363820726019063
0.6377105743860362
0.6387987012987012
0.6406979103266383
0.6422055544293535
0.6434359805510536
0.6441158598339072
0.6453441295546559
0.6470945535533509
0.6492718446601942
0.6499392958316471
0.6522442377678933
0.6535974130962005
0.654677712669226
0.6557641833232385
0.6561616161616162
0.6568370026257321
0.6577831617201696
0.6587237479806138
0.6594027441485067
0.6608870967741935
0.6627696029026405
0.6631727474299536
0.6641129032258064
0.6645161290322581
0.6658605401047966
0.6673383034454966
0.6682779456193353
0.6685472496473907
0.6704225352112676
0.6710923355461678
0.6721641190667741
0.6722993361496681
0.6736334405144694
0.6742971887550201
0.6752359911628841
0.6767068273092369
0.6776395022079486
0.6781701444622793
0.6782992378660249
0.6792301523656776
0.6796233219795633
0.6798878205128205
0.6810724289715886
0.6816
0.6821271491403439
0.6843787455053935
0.6854403834631516
0.6858398242460556
0.6861022364217252
0.6873126873126874
0.6877122877122877
0.6887602315831505
0.6898342320750949
0.6902195608782435
0.6912644595133626
0.6915254237288136
0.6918013165769
0.6919393455706305
0.6925992419708757
0.6935194416749751
0.6944389077137733
0.6948375523221049
0.6954962136309287
0.6960334861470998
0.6970722963553078
0.6974706233817964
0.6985074626865672
0.699542652614834
0.7001988071570575
0.7004571655734445
0.7013709517186568
0.7019077901430844
0.7025630836479237
0.7030784508440914
0.7033359809372518
0.7042477173481541
0.7046220987899227
0.7047392425143765
0.7055093143083631
0.7057658014662176
0.7058823529411764
0.7058823529411764
0.7060221870047544
0.7064420218037661
0.7068384539147671
0.7077471765405191
0.7081434515553796
0.7086551792434146
0.7089108910891089
0.7089108910891089
0.7091665016828351
0.7092816148822482
0.7096774193548389
0.709792284866469
0.7103025509195176
0.7108124135204587
0.7113483590351918
0.7123666534966417
0.7134110211337152
0.7136650868878357
0.7136650868878357
0.7148213933293862
0.7154696132596685
0.7160055259522399
0.7166535122336227
0.7175542406311637
0.7182320441988951
0.7187376725838265
0.7189903372115953
0.7193847367383158
0.720031545741325
0.7202838557066825
0.7210723437808002
0.721608832807571
0.7228250147958177
0.72336227308603
0.7241175310589626
0.7245119305856834
0.72465483234714
0.7247977904912211
0.7250493096646943
0.7263406940063092
0.7265917602996256
0.7267350157728706
0.7269860043366845
0.7271293375394322
0.7275596764647859
0.7280615263261684
0.7287066246056783
0.7297457125960969
0.7300335239597713
0.7301775147928994
0.7301775147928994
0.7308223230132124
0.7317554240631164
0.7318997829946735
0.7325443786982248
0.7335435553803705
0.733832807570978
0.7340823970037453
0.7343719187536973
0.734621451104101
0.734766318280418
0.7353057199211046
0.7355958958168902
0.7360946745562129
0.7363439163873002
0.7371327154407414
0.7376305933372759
0.7378793851005124
0.7380248373743348
0.7380248373743348
0.7390618841150965
0.739558707643814
0.739558707643814
0.7399527186761229
0.7399527186761229
0.7404489956675857
0.7404489956675857
0.740303209293168
0.7405511811023622
0.7408428515163451
0.7412367073651045
0.7412367073651045
0.7417322834645669
0.7415863019090729
0.7419799252115725
0.7418339236521054
0.7425762045231072
0.7425762045231072
0.7430705720463927
0.7434637310792215
0.7435645509923363
0.7439575555118885
0.7439575555118885
0.7443505600314405
0.7448438420742487
0.7456295423296012
0.7457760314341847
0.7464152425849538
0.746661429693637
0.7471535139379663
0.7471535139379663
0.7475461327051434
0.7475461327051434
0.7477919528949952
0.7477919528949952
0.7479387514723203
0.7479387514723203
0.7478397486252947
0.7479866430956591
0.7482806052269602
0.7482806052269602
0.7489194499017683
0.7489194499017683
0.7489194499017683
0.7491651934786879
0.749263695268015
0.7495092265410287
0.7495092265410287
0.7500490869821325
0.750441782839191
0.750441782839191
0.750441782839191
0.750441782839191
0.750736593989393
0.750736593989393
0.750736593989393
0.7519623233908949
0.7519623233908949
0.7534300274402196
0.7536743092298648
0.7536743092298648
0.7536743092298648
0.7536743092298648
0.7539184952978056
0.7537708129285015
0.7541625857002938
0.754406580493537
0.7545543584720863
0.7545543584720863
0.754798276537407
0.7549461312438785
0.7554337184256903
0.7556773688332028
0.7558253377716859
0.7563123899001764
0.7563123899001764
0.7564604541895067
0.7568519968676585
0.7572435395458104
0.7573918151556688
0.7576350822239624
0.7581213307240706
0.7586071987480437
0.7596323097985528
0.7596323097985528
0.7600234695873264
0.7605633802816902
0.7606570199452481
0.7608993157380254
0.7611415168100079
0.7616256350136772
0.7616256350136772
0.7623511033001368
0.7623511033001368
0.7625927372120265
0.7629832096837172
0.7629832096837172
0.7632246730431387
0.7632246730431387
0.7634660421545668
0.7636150692953348
0.7636150692953348
0.7636150692953348
0.7640975609756097
