0.10540632437946276
0.16286977218633117
0.20707242434546072
0.24855491329479767
0.2743964637878273
0.29751785107106427
0.31451887113226795
0.3301598095885753
0.34750085005100306
0.3672220333219993
0.37300238014280857
0.3818429105746345
0.3913634818089085
0.39748384903094186
0.40258415504930295
0.4093845630737844
0.4151649098945937
0.42162529751785105
0.42604556273376404
0.43250595035702144
0.4365861951717103
0.4416865011900714
0.4447466848010881
0.4481468888133288
0.4508670520231214
0.4546072764365862
0.4573274396463788
0.46038762325739546
0.46310778646718803
0.4661679700782047
0.46786807208432507
0.4712682760965658
0.4733083985039102
0.4736484189051343
0.47602856171370284
0.4773886433185991
0.4801088065283917
0.48316899013940834
0.486229173750425
0.48860931655899353
0.48962937776266574
0.49234954097245837
0.49302958177490647
0.49506970418225094
0.499829989799388
0.5022101326079564
0.5039102346140768
0.5049302958177491
0.5052703162189731
0.5059503570214213
0.5103706222373342
0.5120707242434546
0.5147908874532472
0.5171710302618157
0.518531111866712
0.5209112546752805
0.5236314178850731
0.5253315198911934
0.527371642298538
0.528051683100986
0.5283917035022101
0.5294117647058824
0.5328119687181231
0.5334920095205712
0.5341720503230194
0.5351921115266915
0.536892213532812
0.5385923155389324
0.5399523971438286
0.5406324379462768
0.5419925195511731
0.5433526011560693
0.5457327439646379
0.5460727643658619
0.5484529071744305
0.5498129887793267
0.550833049982999
0.5521931315878953
0.5521931315878953
0.5528731723903434
0.5538932335940157
0.5545732743964638
0.555593335600136
0.5572934376062564
0.5589935396123767
0.5593335600136008
0.560013600816049
0.5603536212172731
0.5617137028221694
0.5630737844270656
0.5640938456307378
0.5640938456307378
0.5664739884393064
0.5671540292417545
0.5681740904454268
0.5681740904454268
0.5698741924515471
0.5708942536552193
0.5715742944576675
0.5729343760625637
0.573954437266236
0.5746344780686842
0.5749744984699082
0.5759945596735804
0.5766746004760286
0.5770146208772526
0.578714722883373
0.5793947636858211
0.5800748044882693
0.5824549472968378
0.58347500850051
0.5838150289017341
0.5841550493029581
0.5848350901054064
0.5851751105066304
0.5865351921115267
0.5872152329139748
0.587895273716423
0.5892553553213192
0.5895953757225434
0.5895953757225434
0.5895953757225434
0.5902754165249915
0.5912954777286638
0.5923155389323359
0.5926555593335601
0.5933356001360082
0.5936756205372322
0.5950357021421285
0.5953757225433526
0.5967358041482489
0.5980958857531452
0.5987759265555933
0.5991159469568174
0.6001360081604896
0.6004760285617137
0.6011560693641619
0.60183611016661
0.602176130567834
0.6031961917715063
0.6038762325739544
0.6042162529751786
0.6052363141788507
0.6055763345800748
0.6059163549812989
0.6059163549812989
0.6059163549812989
0.6059163549812989
0.606256375382523
0.6072764365861951
0.6076164569874193
0.6082964977898674
0.6086365181910914
0.6086365181910914
0.6089765385923155
0.6093165589935396
0.6096565793947637
0.6099965997959877
0.610676640598436
0.6113566814008841
0.6116967018021081
0.6130567834070044
0.6140768446106767
0.6144168650119007
0.6144168650119007
0.615776946616797
0.6164569874192452
0.6167970078204692
0.6174770486229174
0.6184971098265896
0.6188371302278136
0.6195171710302618
0.6198571914314859
0.6201972118327099
0.6208772526351581
0.6212172730363822
0.6218973138388303
0.6222373342400545
0.6229173750425026
0.6232573954437266
0.6242774566473989
0.6246174770486229
0.6246174770486229
0.6246174770486229
0.624957497449847
0.6263175790547433
0.6266575994559673
0.6266575994559673
0.6269976198571914
0.6269976198571914
0.6269976198571914
0.6276776606596396
0.6283577014620877
0.62937776266576
0.62937776266576
0.62937776266576
0.62937776266576
0.630057803468208
0.6307378442706563
0.6307378442706563
0.6314178850731044
0.6327779666780007
0.6327779666780007
0.6331179870792247
0.6331179870792247
0.6334580074804488
0.6334580074804488
0.6337980278816729
0.6337980278816729
0.634478068684121
0.6348180890853451
0.6354981298877933
0.6361781706902414
0.6365181910914655
0.6365181910914655
0.6365181910914655
0.6375382522951377
0.6382182930975858
0.6382182930975858
0.63855831349881
0.63855831349881
0.6392383543012581
0.6392383543012581
0.6392383543012581
0.6395783747024821
0.6395783747024821
0.6399183951037062
0.6399183951037062
0.6405984359061544
0.6405984359061544
0.6409384563073784
0.6409384563073784
0.6419585175110507
0.6419585175110507
0.6426385583134988
0.6429785787147229
0.6433185991159469
0.6436586195171711
0.6436586195171711
0.6439986399183951
0.6446786807208432
0.6453587215232914
0.6453587215232914
0.6460387623257395
0.6463787827269636
0.6470588235294118
0.6470588235294118
0.6473988439306358
0.6473988439306358
0.6477388643318599
0.6477388643318599
0.6477388643318599
0.6477388643318599
0.6473988439306358
0.6473988439306358
0.6473988439306358
0.6473988439306358
0.648078884733084
0.648078884733084
0.648078884733084
0.6484189051343081
0.6487589255355322
0.6490989459367562
0.6490989459367562
0.6494389663379803
0.6497789867392043
0.6497789867392043
0.6497789867392043
0.6497789867392043
0.6497789867392043
0.6497789867392043
0.6497789867392043
0.6514790887453247
0.6514790887453247
0.6535192111526692
0.6538592315538932
0.6538592315538932
0.6538592315538932
0.6538592315538932
0.6541992519551173
0.6541992519551173
0.6545392723563414
0.6548792927575654
0.6548792927575654
0.6548792927575654
0.6552193131587896
0.6552193131587896
0.6558993539612377
0.6562393743624617
0.6562393743624617
0.6569194151649099
0.6569194151649099
0.6569194151649099
0.657259435566134
0.657599455967358
0.657599455967358
0.6579394763685821
0.6586195171710303
0.6592995579734784
0.6603196191771507
0.6603196191771507
0.6606596395783747
0.6609996599795988
0.6613396803808228
0.661679700782047
0.662019721183271
0.6626997619857191
0.6626997619857191
0.6637198231893914
0.6637198231893914
0.6640598435906154
0.6643998639918395
0.6643998639918395
0.6647398843930635
0.6647398843930635
0.6650799047942877
0.6650799047942877
0.6650799047942877
0.6650799047942877
0.6657599455967358
0.6657599455967358
0.666439986399184
0.6671200272016321
0.6671200272016321
0.6674600476028562
0.666439986399184
0.6678000680040802
0.6681400884053044
0.6681400884053044
0.6681400884053044
0.6688201292077525
0.6688201292077525
0.6688201292077525
0.6688201292077525
0.6688201292077525
0.6691601496089765
0.6695001700102006
0.6698401904114247
0.6698401904114247
0.6698401904114247
0.6698401904114247
0.6698401904114247
0.6705202312138728
0.6712002720163209
0.6715402924175451
0.6722203332199932
0.6725603536212172
0.6725603536212172
0.6725603536212172
0.6725603536212172
0.6725603536212172
0.6729003740224413
0.6729003740224413
0.6729003740224413
0.6732403944236655
0.6732403944236655
0.6732403944236655
0.6732403944236655
0.6732403944236655
0.6735804148248895
0.6735804148248895
0.6739204352261136
0.6739204352261136
0.6739204352261136
0.6739204352261136
0.6739204352261136
0.6739204352261136
0.6739204352261136
0.6739204352261136
0.6739204352261136
0.6739204352261136
0.6739204352261136
0.6742604556273376
0.6749404964297858
0.6756205372322339
0.675960557633458
0.675960557633458
0.6763005780346821
0.6763005780346821
0.6766405984359062
0.6766405984359062
0.6766405984359062
0.6766405984359062
0.6766405984359062
0.6766405984359062
0.6766405984359062
0.6766405984359062
0.6773206392383543
0.6780006800408025
0.6780006800408025
0.6783407004420265
0.6783407004420265
0.6786807208432506
0.6790207412444746
0.6790207412444746
0.6790207412444746
0.6790207412444746
0.6790207412444746
0.6790207412444746
0.6790207412444746
0.6790207412444746
0.6790207412444746
0.6790207412444746
0.6790207412444746
0.6793607616456987
0.6793607616456987
0.6793607616456987
0.6793607616456987
0.6793607616456987
0.6797007820469229
0.680380822849371
0.680380822849371
0.680380822849371
0.680380822849371
0.680720843250595
0.680720843250595
0.680720843250595
0.680720843250595
0.6810608636518191
0.6810608636518191
0.6810608636518191
0.6820809248554913
0.6820809248554913
0.6831009860591636
0.6831009860591636
0.6834410064603876
0.6834410064603876
0.6834410064603876
0.6837810268616117
0.6837810268616117
0.6841210472628357
0.6841210472628357
0.6841210472628357
0.6841210472628357
0.685141108466508
0.685141108466508
0.685141108466508
0.685141108466508
0.685141108466508
0.685141108466508
0.6858211492689561
0.6865011900714043
0.6868412104726284
0.6868412104726284
0.6871812308738524
0.6875212512750765
0.6878612716763006
0.6882012920775247
0.6888813328799728
0.6892213532811968
0.689561373682421
0.6902414144848691
0.6902414144848691
0.6902414144848691
0.6905814348860931
0.6905814348860931
0.6905814348860931
0.6905814348860931
0.6916014960897654
0.6916014960897654
0.6919415164909895
0.6919415164909895
0.6919415164909895
0.6919415164909895
0.6919415164909895
0.6919415164909895
0.6919415164909895
0.6919415164909895
0.6919415164909895
0.6919415164909895
0.6922815368922135
0.6922815368922135
0.6922815368922135
0.6922815368922135
0.6926215572934376
0.6926215572934376
0.6929615776946617
0.6929615776946617
0.6929615776946617
0.6936416184971098
0.6939816388983339
0.694321659299558
0.6950017001020061
0.6950017001020061
0.6953417205032302
0.6953417205032302
0.6953417205032302
0.6956817409044542
0.6956817409044542
0.6956817409044542
0.6956817409044542
0.6956817409044542
0.6956817409044542
0.6956817409044542
0.6963617817069024
0.6970418225093505
0.6970418225093505
0.6970418225093505
0.6970418225093505
0.6970418225093505
0.6970418225093505
0.6970418225093505
0.6970418225093505
0.6970418225093505
0.6970418225093505
0.6973818429105746
0.6977218633117988
0.6980618837130228
0.6994219653179191
0.6994219653179191
0.6994219653179191
0.6994219653179191
0.6994219653179191
0.6997619857191432
0.6997619857191432
0.7004420265215913
0.7004420265215913
0.7004420265215913
0.7004420265215913
0.7004420265215913
0.7004420265215913
0.7004420265215913
0.7004420265215913
0.7004420265215913
0.7004420265215913
0.7004420265215913
0.7004420265215913
0.7004420265215913
0.7004420265215913
0.7004420265215913
0.7004420265215913
0.7004420265215913
0.7004420265215913
0.7004420265215913
0.7004420265215913
0.7007820469228153
0.7007820469228153
0.7007820469228153
0.7007820469228153
0.7007820469228153
0.7007820469228153
0.7007820469228153
0.7007820469228153
0.7007820469228153
0.7007820469228153
0.7007820469228153
0.7011220673240395
0.7011220673240395
0.7011220673240395
0.7011220673240395
0.7018021081264876
0.7018021081264876
0.7018021081264876
0.7021421285277116
0.7021421285277116
0.7021421285277116
0.7021421285277116
0.7024821489289358
0.7028221693301598
0.7028221693301598
0.7031621897313839
0.7031621897313839
0.7031621897313839
0.7031621897313839
0.703842230533832
0.7045222713362802
0.7048622917375043
0.7048622917375043
0.7048622917375043
0.7048622917375043
0.7048622917375043
0.7052023121387283
0.7052023121387283
0.7052023121387283
0.7052023121387283
0.7052023121387283
0.7052023121387283
0.7052023121387283
0.7058823529411765
0.7058823529411765
0.7058823529411765
0.7058823529411765
0.7065623937436246
0.7065623937436246
0.7065623937436246
0.7069024141448487
0.7069024141448487
0.7069024141448487
0.7069024141448487
0.7072424345460727
0.7075824549472969
0.7075824549472969
0.7072424345460727
0.7072424345460727
0.7072424345460727
0.7072424345460727
0.7075824549472969
0.7079224753485209
0.708262495749745
0.708262495749745
0.708262495749745
0.708262495749745
0.708602516150969
0.708602516150969
0.708602516150969
0.708602516150969
0.708602516150969
0.708602516150969
0.7089425365521931
0.7089425365521931
0.7089425365521931
0.7089425365521931
0.7089425365521931
0.7092825569534172
0.7092825569534172
0.7092825569534172
0.7092825569534172
0.7092825569534172
0.7096225773546413
0.7096225773546413
0.7096225773546413
0.7099625977558653
0.7099625977558653
0.7099625977558653
0.7099625977558653
0.7099625977558653
0.7099625977558653
0.7099625977558653
0.7103026181570894
0.7103026181570894
0.7103026181570894
0.7103026181570894
0.7103026181570894
0.7103026181570894
0.7103026181570894
0.7106426385583134
0.7106426385583134
0.7109826589595376
0.7109826589595376
0.7113226793607617
0.7113226793607617
0.7113226793607617
0.7116626997619857
0.7116626997619857
0.7116626997619857
0.7120027201632098
0.7120027201632098
0.7120027201632098
0.7120027201632098
0.7120027201632098
0.7123427405644339
0.7123427405644339
0.7123427405644339
0.7123427405644339
0.7123427405644339
0.7123427405644339
0.7123427405644339
0.7123427405644339
0.7123427405644339
0.712682760965658
0.713022781366882
0.713022781366882
0.713022781366882
0.713022781366882
0.713022781366882
0.713022781366882
0.713022781366882
0.713022781366882
0.713022781366882
0.713022781366882
0.7133628017681061
0.7133628017681061
0.7133628017681061
0.7133628017681061
0.7133628017681061
0.7133628017681061
0.7137028221693301
0.7140428425705543
0.7140428425705543
0.7140428425705543
0.7140428425705543
0.7140428425705543
0.7140428425705543
0.7140428425705543
0.7140428425705543
0.7140428425705543
0.7143828629717783
0.7143828629717783
0.7143828629717783
0.7143828629717783
0.7143828629717783
0.7143828629717783
0.7143828629717783
0.7143828629717783
0.7143828629717783
0.7143828629717783
0.7143828629717783
0.7147228833730024
0.7147228833730024
0.7150629037742264
0.7150629037742264
0.7150629037742264
0.7160829649778987
0.7160829649778987
0.7160829649778987
0.7164229853791227
0.7164229853791227
0.7164229853791227
0.7167630057803468
0.7167630057803468
0.7171030261815708
0.7171030261815708
0.7171030261815708
0.7171030261815708
0.7171030261815708
0.7171030261815708
0.7171030261815708
0.7171030261815708
0.7171030261815708
0.7171030261815708
0.7171030261815708
0.717443046582795
0.717443046582795
0.7181230873852431
0.7181230873852431
0.7181230873852431
0.7181230873852431
0.7181230873852431
0.7181230873852431
0.7184631077864672
0.7184631077864672
0.7184631077864672
0.7184631077864672
0.7181230873852431
0.7181230873852431
0.7181230873852431
0.7218633117987079
0.722203332199932
0.722203332199932
0.7225433526011561
0.722203332199932
0.722203332199932
0.722203332199932
0.722203332199932
0.722203332199932
0.722203332199932
0.722203332199932
0.722203332199932
0.722203332199932
0.722203332199932
0.7225433526011561
0.7228833730023801
0.7228833730023801
0.7228833730023801
0.7228833730023801
0.7228833730023801
0.7225433526011561
0.7225433526011561
0.7228833730023801
0.7228833730023801
0.7228833730023801
0.7228833730023801
0.7228833730023801
0.7228833730023801
0.7228833730023801
0.7228833730023801
0.7228833730023801
0.7228833730023801
0.7228833730023801
0.7228833730023801
0.7228833730023801
0.7228833730023801
0.7228833730023801
0.7228833730023801
0.7228833730023801
0.7228833730023801
0.7228833730023801
0.7228833730023801
0.7228833730023801
0.7228833730023801
0.7228833730023801
0.7228833730023801
0.7228833730023801
0.7228833730023801
0.7228833730023801
0.7228833730023801
0.7228833730023801
0.7228833730023801
0.7228833730023801
0.7228833730023801
0.7228833730023801
0.7228833730023801
0.7228833730023801
0.7228833730023801
0.7228833730023801
0.7228833730023801
0.7228833730023801
0.7228833730023801
0.7228833730023801
0.7228833730023801
0.7228833730023801
0.7228833730023801
0.7228833730023801
0.7228833730023801
0.7228833730023801
0.7232233934036042
0.7232233934036042
0.7232233934036042
0.7232233934036042
0.7232233934036042
0.7232233934036042
0.7232233934036042
0.7232233934036042
0.7232233934036042
0.7232233934036042
0.7232233934036042
0.7232233934036042
0.7232233934036042
0.7232233934036042
0.7232233934036042
0.7232233934036042
0.7232233934036042
0.7232233934036042
0.7232233934036042
0.7232233934036042
0.7232233934036042
0.7232233934036042
0.7232233934036042
0.7232233934036042
0.7232233934036042
0.7232233934036042
0.7232233934036042
0.7232233934036042
0.7232233934036042
0.7232233934036042
0.7232233934036042
0.7232233934036042
0.7232233934036042
0.7232233934036042
0.7232233934036042
0.7232233934036042
0.7232233934036042
0.7232233934036042
0.7232233934036042
0.7232233934036042
0.7232233934036042
0.7232233934036042
0.7232233934036042
0.7232233934036042
0.7232233934036042
0.7232233934036042
0.7235634138048282
0.7235634138048282
0.7235634138048282
0.7235634138048282
0.7235634138048282
0.7235634138048282
0.7235634138048282
0.7235634138048282
0.7235634138048282
0.7235634138048282
0.7235634138048282
0.7235634138048282
0.7235634138048282
0.7235634138048282
0.7235634138048282
0.7235634138048282
0.7235634138048282
0.7235634138048282
0.7235634138048282
0.7235634138048282
0.7235634138048282
0.7235634138048282
0.7235634138048282
0.7235634138048282
0.7235634138048282
0.7235634138048282
0.7239034342060524
0.7239034342060524
0.7239034342060524
0.7239034342060524
0.7239034342060524
0.7239034342060524
0.7239034342060524
0.7239034342060524
0.7239034342060524
0.7239034342060524
0.7239034342060524
0.7239034342060524
0.7239034342060524
0.7239034342060524
0.7239034342060524
0.7239034342060524
0.7239034342060524
0.7239034342060524
0.7239034342060524
0.7239034342060524
0.7239034342060524
0.7239034342060524
0.7242434546072765
0.7242434546072765
0.7242434546072765
0.7245834750085005
0.7245834750085005
0.7245834750085005
0.7245834750085005
0.7245834750085005
0.7245834750085005
0.7245834750085005
0.7245834750085005
0.7245834750085005
0.7245834750085005
0.7245834750085005
0.7245834750085005
0.7245834750085005
0.7245834750085005
0.7245834750085005
0.7245834750085005
0.7245834750085005
0.7245834750085005
0.7245834750085005
0.7245834750085005
0.7245834750085005
0.7245834750085005
0.7245834750085005
0.7245834750085005
0.7245834750085005
0.7245834750085005
0.7245834750085005
0.7249234954097246
0.7249234954097246
0.7249234954097246
0.7249234954097246
0.7249234954097246
0.7249234954097246
0.7249234954097246
0.7249234954097246
0.7245834750085005
0.7245834750085005
0.7245834750085005
0.7245834750085005
0.7245834750085005
0.7245834750085005
0.7245834750085005
0.7245834750085005
0.7245834750085005
0.7245834750085005
0.7245834750085005
0.7245834750085005
0.7249234954097246
0.7249234954097246
0.7249234954097246
0.7249234954097246
0.7249234954097246
0.7249234954097246
0.7249234954097246
0.7249234954097246
0.7249234954097246
0.7249234954097246
0.7249234954097246
0.7249234954097246
0.7249234954097246
0.7249234954097246
0.7249234954097246
0.7249234954097246
0.7249234954097246
0.7249234954097246
0.7249234954097246
0.7249234954097246
0.7249234954097246
0.7249234954097246
0.7249234954097246
0.7249234954097246
0.7249234954097246
0.7249234954097246
0.7249234954097246
0.7249234954097246
0.7249234954097246
0.7249234954097246
0.7249234954097246
0.7249234954097246
0.7249234954097246
0.7249234954097246
0.7249234954097246
0.7249234954097246
0.7249234954097246
0.7249234954097246
0.7249234954097246
0.7249234954097246
0.7249234954097246
0.7249234954097246
0.7249234954097246
0.7249234954097246
0.7249234954097246
0.7249234954097246
0.7249234954097246
0.7249234954097246
0.7249234954097246
0.7249234954097246
0.7249234954097246
0.7249234954097246
0.7249234954097246
0.7249234954097246
0.7249234954097246
0.7249234954097246
0.7249234954097246
0.7249234954097246
0.7249234954097246
0.7249234954097246
0.7249234954097246
0.7249234954097246
0.7249234954097246
0.7252635158109486
0.7252635158109486
0.7252635158109486
0.7252635158109486
0.7252635158109486
0.7252635158109486
0.7252635158109486
0.7252635158109486
0.7252635158109486
0.7252635158109486
0.7252635158109486
0.7252635158109486
0.7252635158109486
0.7252635158109486
0.7252635158109486
0.7252635158109486
0.7252635158109486
0.7252635158109486
0.7252635158109486
0.7252635158109486
0.7252635158109486
0.7252635158109486
0.7252635158109486
0.7252635158109486
0.7252635158109486
0.7252635158109486
0.7252635158109486
0.7252635158109486
0.7252635158109486
0.7252635158109486
0.7252635158109486
0.7252635158109486
0.7252635158109486
0.7252635158109486
0.7252635158109486
0.7252635158109486
0.7252635158109486
0.7252635158109486
0.7252635158109486
0.7252635158109486
0.7252635158109486
0.7252635158109486
0.7252635158109486
0.7252635158109486
0.7252635158109486
0.7252635158109486
0.7252635158109486
0.7252635158109486
0.7252635158109486
0.7252635158109486
0.7252635158109486
0.7252635158109486
0.7252635158109486
0.7252635158109486
0.7252635158109486
0.7256035362121728
0.7256035362121728
0.7256035362121728
0.7256035362121728
0.7256035362121728
0.7256035362121728
0.7256035362121728
0.7256035362121728
0.7256035362121728
0.7256035362121728
0.7256035362121728
0.7256035362121728
0.7256035362121728
0.7256035362121728
0.7256035362121728
0.7256035362121728
0.7256035362121728
0.7256035362121728
0.7256035362121728
0.7256035362121728
0.7256035362121728
0.7256035362121728
0.7256035362121728
0.7256035362121728
0.7256035362121728
0.7256035362121728
0.7256035362121728
0.7256035362121728
0.7256035362121728
0.7256035362121728
0.7256035362121728
0.7256035362121728
0.7256035362121728
0.7256035362121728
0.7256035362121728
0.7256035362121728
0.7256035362121728
0.7256035362121728
0.7256035362121728
0.7256035362121728
0.7256035362121728
0.7256035362121728
0.7256035362121728
0.7256035362121728
0.7256035362121728
0.7256035362121728
0.7256035362121728
0.7256035362121728
0.7256035362121728
0.7256035362121728
0.7256035362121728
0.7256035362121728
0.7256035362121728
0.7256035362121728
0.7256035362121728
0.7256035362121728
0.7256035362121728
0.7256035362121728
0.7256035362121728
0.7256035362121728
0.7256035362121728
0.7256035362121728
0.7256035362121728
0.7256035362121728
0.7259435566133968
0.7259435566133968
0.7259435566133968
0.7259435566133968
0.7259435566133968
0.7259435566133968
0.7259435566133968
0.7259435566133968
0.7259435566133968
0.7259435566133968
0.7259435566133968
0.7259435566133968
0.7259435566133968
0.7262835770146209
0.7262835770146209
0.7262835770146209
0.7262835770146209
0.7262835770146209
0.7262835770146209
0.7262835770146209
0.7262835770146209
0.7262835770146209
0.7262835770146209
0.7262835770146209
0.7262835770146209
0.7262835770146209
0.7262835770146209
0.7262835770146209
0.7262835770146209
0.7262835770146209
0.7262835770146209
0.7262835770146209
0.7262835770146209
0.7262835770146209
0.7262835770146209
0.7262835770146209
0.7262835770146209
0.7262835770146209
0.7262835770146209
0.7262835770146209
0.7262835770146209
0.7262835770146209
0.7262835770146209
0.7262835770146209
0.7262835770146209
0.7262835770146209
0.7262835770146209
0.7262835770146209
0.7262835770146209
0.7262835770146209
0.7262835770146209
0.7262835770146209
0.7262835770146209
0.7262835770146209
0.7262835770146209
0.7262835770146209
0.7262835770146209
0.7262835770146209
0.7262835770146209
0.7262835770146209
0.7262835770146209
0.7262835770146209
0.7262835770146209
0.7262835770146209
0.7262835770146209
0.7266235974158449
0.7266235974158449
0.7266235974158449
0.7266235974158449
0.726963617817069
0.726963617817069
0.726963617817069
0.726963617817069
0.726963617817069
0.726963617817069
0.726963617817069
0.726963617817069
0.726963617817069
0.726963617817069
0.726963617817069
0.726963617817069
0.726963617817069
0.726963617817069
0.726963617817069
0.726963617817069
0.726963617817069
0.726963617817069
0.726963617817069
0.726963617817069
0.726963617817069
0.726963617817069
0.726963617817069
0.726963617817069
0.726963617817069
0.726963617817069
0.726963617817069
0.726963617817069
0.726963617817069
0.726963617817069
0.726963617817069
0.726963617817069
0.726963617817069
0.726963617817069
0.726963617817069
0.726963617817069
