0.05461847389558234
0.10974610974610975
0.15815164334526524
0.21022524132999643
0.25298881604319323
0.28872668288726683
0.31925675675675674
0.34176111595466435
0.3632307005800982
0.38388411045722043
0.4027906976744186
0.4222957014643363
0.44295942720763726
0.4576352321685017
0.47036144578313255
0.48081593006313744
0.49193154034229825
0.5066273932253313
0.5195447798119742
0.5253227408142999
0.536
0.5417085427135678
0.547103274559194
0.5516893595562279
0.5566801619433198
0.5631659056316591
0.570126582278481
0.5734549138804458
0.5765124555160143
0.5801526717557253
0.5813360530341662
0.5826530612244897
0.585291113381001
0.5883554647599591
0.5934627170582226
0.5953964194373401
0.5998972778633795
0.6035015447991761
0.6061855670103093
0.6091003102378489
0.6094154164511123
0.6118012422360248
0.6149870801033591
0.6171310629514964
0.6226804123711339
0.6256463288521199
0.6269430051813472
0.6275933609958505
0.6289569278671511
0.6292834890965732
0.6306493506493507
0.632398753894081
0.6334371754932502
0.6344755970924195
0.6351842241826675
0.6386728875064801
0.6396677050882658
0.6427829698857735
0.6441558441558441
0.6458982346832813
0.6469366562824506
0.6489859594383776
0.6482830385015609
0.6479459178367134
0.6493506493506495
0.6496881496881496
0.6507524649714582
0.6517671517671517
0.6538261322228006
0.6541666666666668
0.6552083333333333
0.655549765502866
0.6565919749869724
0.6579634464751958
0.6596968112911658
0.6596968112911658
0.6610878661087866
0.6631744368779465
0.6638743455497382
0.6652697747511787
0.6677148846960168
0.6684155299055615
0.6698162729658794
0.6705141657922351
0.6712113266911379
0.6708595387840671
0.6708595387840671
0.6726128016789087
0.6733193277310924
0.674724119810825
0.6743697478991597
0.6750788643533123
0.676470588235294
0.6768260641093012
0.6782334384858044
0.6793048973143759
0.6796422935297212
0.6803364879074658
0.6806943713834822
0.6855643044619423
0.6873357856016815
0.6887139107611548
0.689763779527559
0.6908136482939633
0.6915005246589716
0.6915005246589716
0.6935568360398114
0.6942408376963352
0.6946045049764276
0.695970695970696
0.6973340303188709
0.6973340303188709
0.6973340303188709
0.6980146290491118
0.698744769874477
0.7001044932079414
0.7004704652378463
0.7001044932079414
0.7001044932079414
0.7001044932079414
0.7007832898172323
0.701095461658842
0.701095461658842
0.7017726798748696
0.7028154327424401
0.7034914017717562
0.7045336112558623
0.7058823529411765
0.7058823529411765
0.7075962539021852
0.7086368366285121
0.709005726184279
0.7103484139365576
0.7113884555382215
0.7113884555382215
0.712871287128713
0.712871287128713
0.712871287128713
0.7125
0.7125
0.7125
0.7125
0.7159209157127993
0.7173347214992192
0.7180020811654526
0.7187499999999999
0.7214992191566894
0.7214992191566894
0.7214992191566894
0.7235814679854242
0.7235814679854242
0.7246225923997918
0.7249089963598544
0.7249089963598544
0.7249089963598544
0.7288750648004148
0.7288750648004148
0.7288750648004148
0.7296315516346654
0.7292531120331952
0.7302904564315352
0.730669434353918
0.731048805815161
0.7317073170731707
0.7331256490134994
0.7341640706126688
0.7345454545454546
0.7345454545454546
0.7345454545454546
0.7345454545454546
0.7345454545454546
0.735202492211838
0.7365145228215768
0.7365145228215768
0.7365145228215768
0.7378238341968911
0.738206324520477
0.738206324520477
0.739513205592957
0.7401656314699794
0.7408173823072944
0.7408173823072944
0.7427685950413223
0.7427685950413223
0.7434176561693341
0.7434176561693341
0.7434176561693341
0.7434176561693341
0.743801652892562
0.7441860465116279
0.7441860465116279
0.7445708376421923
0.7445708376421923
0.7445708376421923
0.7449560269011899
0.7462532299741601
0.746900826446281
0.746900826446281
0.7475477542591638
0.7481940144478844
0.7494845360824742
0.751159196290572
0.7515463917525772
0.752832131822863
0.752832131822863
0.752832131822863
0.7547557840616966
0.7561728395061729
0.7574511819116136
0.7574511819116136
0.7587268993839834
0.7601438109912686
0.7601438109912686
0.7601438109912686
0.7605344295991778
0.7605344295991778
0.7609254498714654
0.7609254498714654
0.761562178828366
0.761562178828366
0.761562178828366
0.7621982537236774
0.7632254750898819
0.7632254750898819
0.7638603696098561
0.7648870636550307
0.7655207798871216
0.7657611481291646
0.7657611481291646
0.7663934426229508
0.7667862634546386
0.7667862634546386
0.7674180327868851
0.7674180327868851
0.7686796315250768
0.769309462915601
0.769309462915601
0.769309462915601
0.769309462915601
0.769309462915601
0.769309462915601
0.7699386503067485
0.7703324808184143
0.7703324808184143
0.7703324808184143
0.7703324808184143
0.7703324808184143
0.7707267144319345
0.7719836400817995
0.7726111394992334
0.7726111394992334
0.7732379979570991
0.7732379979570991
0.7728432873915263
0.7728432873915263
0.7724489795918368
0.7724489795918368
0.7724489795918368
0.7724489795918368
0.7730749617542069
0.7730749617542069
0.7734693877551021
0.7734693877551021
0.7734693877551021
0.7734693877551021
0.7740948495665477
0.7740948495665477
0.7740948495665477
0.7740948495665477
0.7740948495665477
0.7740948495665477
0.7740948495665477
0.7747196738022426
0.7747196738022426
0.7753438614365766
0.7753438614365766
0.7753438614365766
0.7757390417940877
0.7757390417940877
0.7763627101375447
0.7763627101375447
0.7769857433808555
0.7769857433808555
0.7773815588385125
0.7773815588385125
0.7777777777777777
0.7777777777777777
0.7777777777777777
0.7777777777777777
0.7777777777777777
0.7784004075394804
0.7784004075394804
0.7784004075394804
0.7784004075394804
0.7800407331975561
0.7800407331975561
0.7808358817533129
0.781456953642384
0.781456953642384
0.7820773930753565
0.7820773930753565
0.7820773930753565
0.7820773930753565
0.7826972010178117
0.7826972010178117
0.7826972010178117
0.7826972010178117
0.7826972010178117
0.7826972010178117
0.7826972010178117
0.7833163784333672
0.7833163784333672
0.7843336724313326
0.7843336724313326
0.7855323484462556
0.7855323484462556
0.7855323484462556
0.7861507128309572
0.7861507128309572
0.7861507128309572
