1.7961622673736073
1.3149042989640416
1.096220045065381
1.056442772198466
1.0932247654095888
1.1574795516408094
1.2965067238353272
1.4382844826077956
1.6159475427114136
1.605341962078308
1.4297454285075444
1.5333547973807482
1.4972032181137775
1.5750143304039221
1.6345598665517926
1.7255297671394498
1.7842342149224242
1.6768591034847102
1.8778713993129053
1.7924079915452633
1.666248865517777
1.6685627502413194
1.735474123376267
1.7051079736269268
1.8736989941274236
1.7939371099139751
1.8804541805523824
1.854261643589548
2.0563212573333884
1.9340069731779999
1.835662113206281
2.0481314630584513
1.903276193562251
1.8949320340361488
1.929140578160554
2.0016256091372626
1.9142521527348768
1.8781552566465083
1.897598371453867
1.9631570901967894
1.99471155755327
2.0182502281491566
2.0277597375544647
2.1064306088492586
2.2043184381025025
2.0826876052018877
2.1910566689357367
2.081904756493032
2.159541973397245
2.2254444874743706
2.1075076482339314
2.0965733473548815
2.0652751558886906
2.049675139855223
2.0078519891225763
2.0913373746655823
2.1477039101942905
2.300713745376288
2.1674410277499647
2.2589481066849006
2.4046381802585066
2.2486545518013528
2.1601902354969
2.221117582455339
2.1903369761241347
2.283896089440874
2.247117611913055
2.2678964162100472
2.1922937150263344
2.3308285556489436
2.418155260473312
2.3509242217320696
2.261989425246447
2.4413144671538185
2.355064144190872
2.500224463392771
2.4339295403461305
2.5072055082781852
2.4370288698796787
2.4923603775461727
2.450529878002826
2.532943856607444
2.731981613365265
2.9950651550721137
3.170687058929208
3.23969321481047
3.228432871811087
3.2141353006073556
3.223633453977398
3.2154878463138554
